a status:
300 0
9 8138257
59.511192 3.598669 5.000000
0 0.000000 | 1554563281 30363374.000000

a status:
300 0
10 9078678
59.509823 3.598669 5.000000
0 0.000000 | 1554563283 5613528.000000

a status:
300 0
13 10019305
59.509552 3.598669 5.000000
0 0.000000 | 1554563284 30863180.000000

a status:
300 0
15 10959888
59.507435 3.598669 5.062500
0 0.000000 | 1554563286 6110308.000000

a status:
300 0
17 11900540
59.507267 3.598669 5.125000
0 0.000000 | 1554563287 31410258.000000

a status:
300 0
19 12842383
59.509003 3.598669 5.125000
0 0.000000 | 1554563289 6712654.000000

a status:
300 0
21 13783006
59.508461 3.598669 5.125000
0 0.000000 | 1554563290 32059828.000000

a status:
300 0
22 14724907
59.509270 3.598669 5.125000
0 0.000000 | 1554563292 7309556.000000

a status:
300 0
25 15665532
59.508991 3.598669 5.187500
0 0.000000 | 1554563293 32561822.000000

a status:
300 0
26 16606749
59.509525 3.598669 5.187500
0 0.000000 | 1554563295 7861194.000000

a status:
300 0
28 17547398
59.507847 3.598669 5.250000
0 0.000000 | 1554563296 33109144.000000

a status:
300 0
30 18488027
59.508236 3.598669 5.250000
0 0.000000 | 1554563298 8461290.000000

a status:
300 0
33 19429900
59.506756 3.598669 5.250000
0 0.000000 | 1554563299 33760098.000000

a status:
300 0
34 20371148
59.508041 3.598669 5.250000
0 0.000000 | 1554563301 9008868.000000

a status:
300 0
38 21312393
59.509083 3.598669 5.250000
0 0.000000 | 1554563302 34308330.000000

a status:
300 0
39 22253016
59.507450 3.598669 5.250000
0 0.000000 | 1554563304 9558606.000000

a status:
300 0
42 23193613
59.507896 3.598669 5.312500
0 0.000000 | 1554563305 34859984.000000

a status:
300 0
43 24134885
59.508133 3.598669 5.312500
0 0.000000 | 1554563307 10107554.000000

a status:
300 0
45 25076100
59.509228 3.598669 5.312500
0 0.000000 | 1554563308 35410070.000000

a status:
300 0
46 26016755
59.506485 3.598669 5.312500
0 0.000000 | 1554563310 10657382.000000

a status:
300 0
50 26957380
59.507465 3.598669 5.375000
0 0.000000 | 1554563311 35907094.000000

a status:
300 0
51 27897477
59.508125 3.598669 5.375000
0 0.000000 | 1554563313 11108518.000000

a status:
300 0
54 28837963
59.509617 3.598669 5.375000
0 0.000000 | 1554563314 36306352.000000

a status:
300 0
55 29777373
59.509727 3.598669 5.375000
0 0.000000 | 1554563316 11508946.000000

a status:
300 0
59 30717962
59.509209 3.598669 5.375000
0 0.000000 | 1554563317 36757274.000000

a status:
300 0
60 31658615
59.509533 3.598669 5.375000
0 0.000000 | 1554563319 12005984.000000

a status:
300 0
62 32599244
59.509663 3.598669 5.375000
0 0.000000 | 1554563320 37258510.000000

a status:
300 0
63 33539829
59.510544 3.575815 5.375000
0 0.000000 | 1554563322 12555630.000000

a status:
300 0
65 34481732
59.508671 3.575815 5.375000
0 0.000000 | 1554563323 37855838.000000

a status:
300 0
66 35421730
59.510551 3.575815 5.375000
0 0.000000 | 1554563325 13057640.000000

a status:
300 0
68 36362354
59.509323 3.575815 5.375000
0 0.000000 | 1554563326 38305484.000000

a status:
300 0
70 37303569
59.511303 3.575815 5.375000
0 0.000000 | 1554563328 13656398.000000

a status:
300 0
73 38244847
59.511440 3.575815 5.375000
0 0.000000 | 1554563329 38907160.000000

a status:
300 0
74 39185478
59.511608 3.575815 5.375000
0 0.000000 | 1554563331 14156872.000000

a status:
300 0
76 40126094
59.511356 3.575815 5.375000
0 0.000000 | 1554563332 39406646.000000

a status:
300 0
78 41066687
59.509865 3.575815 5.375000
0 0.000000 | 1554563334 14756754.000000

a status:
300 0
81 42008556
59.509502 3.575815 5.375000
0 0.000000 | 1554563335 39956460.000000

a status:
300 0
82 42948586
59.509407 3.575815 5.375000
0 0.000000 | 1554563337 15206278.000000

a status:
300 0
85 43889205
59.511066 3.575815 5.375000
0 0.000000 | 1554563338 40455854.000000

a status:
300 0
86 44829830
59.510876 3.575815 5.375000
0 0.000000 | 1554563340 15705810.000000

a status:
300 0
88 45771045
59.509785 3.575815 5.375000
0 0.000000 | 1554563341 41003222.000000

a status:
300 0
89 46711702
59.511211 3.575815 5.375000
0 0.000000 | 1554563343 16255350.000000

a status:
300 0
91 47652323
59.511360 3.575815 5.375000
0 0.000000 | 1554563344 41555710.000000

a status:
300 0
92 48593572
59.510479 3.575815 5.375000
0 0.000000 | 1554563346 16852786.000000

a status:
300 0
94 49534821
59.510849 3.575815 5.375000
0 0.000000 | 1554563347 42105128.000000

a status:
300 0
95 50475447
59.511234 3.575815 5.375000
0 0.000000 | 1554563349 17354734.000000

a status:
300 0
97 51416030
59.511181 3.575815 5.375000
0 0.000000 | 1554563350 42601712.000000

a status:
300 0
99 52356658
59.510036 3.575815 5.375000
0 0.000000 | 1554563352 17851440.000000

a status:
300 0
101 53297299
59.509411 3.575815 5.375000
0 0.000000 | 1554563353 43153806.000000

a status:
300 0
102 54238559
59.511166 3.575815 5.375000
0 0.000000 | 1554563355 18403624.000000

a status:
300 0
104 55179146
59.511066 3.575815 5.375000
0 0.000000 | 1554563356 43653504.000000

a status:
300 0
106 56119769
59.510197 3.575815 5.375000
0 0.000000 | 1554563358 18903430.000000

a status:
300 0
108 57060395
59.511990 3.575815 5.437500
0 0.000000 | 1554563359 44153310.000000

a status:
300 0
109 58001048
59.510780 3.575815 5.375000
0 0.000000 | 1554563361 19403038.000000

a status:
300 0
111 58941669
59.509663 3.575815 5.375000
0 0.000000 | 1554563362 44702652.000000

a status:
300 0
114 59882917
59.510128 3.575815 5.375000
0 0.000000 | 1554563364 19952442.000000

a status:
300 0
116 60823505
59.511791 3.575815 5.437500
0 0.000000 | 1554563365 45202732.000000

a status:
300 0
117 61764129
59.510883 3.575815 5.437500
0 0.000000 | 1554563367 20451518.000000

a status:
300 0
122 62704785
59.510078 3.575815 5.437500
0 0.000000 | 1554563368 45701762.000000

a status:
300 0
123 63645405
59.511600 3.575815 5.375000
0 0.000000 | 1554563370 20951672.000000

a status:
300 0
125 64586029
59.510616 3.575815 5.437500
0 0.000000 | 1554563371 46151878.000000

a status:
300 0
126 65526028
59.511078 3.575815 5.375000
0 0.000000 | 1554563373 21358362.000000

a status:
300 0
129 66467272
59.512249 3.552959 5.437500
0 0.000000 | 1554563374 46700188.000000

a status:
300 0
130 67407884
59.511806 3.552959 5.375000
0 0.000000 | 1554563376 22049978.000000

a status:
300 0
132 68349774
59.511799 3.552959 5.375000
0 0.000000 | 1554563377 47300662.000000

a status:
300 0
133 69290360
59.511345 3.552959 5.375000
0 0.000000 | 1554563379 22550512.000000

a status:
300 0
135 70231014
59.511574 3.552959 5.375000
0 0.000000 | 1554563380 47799086.000000

a status:
300 0
136 71171603
59.511471 3.552959 5.375000
0 0.000000 | 1554563382 23100052.000000

a status:
300 0
138 72113507
59.509796 3.552959 5.375000
0 0.000000 | 1554563383 48400108.000000

a status:
300 0
142 73054129
59.509560 3.552959 5.437500
0 0.000000 | 1554563385 23649988.000000

a status:
300 0
147 73994720
59.512245 3.552959 5.375000
0 0.000000 | 1554563386 48899578.000000

a status:
300 0
149 74935374
59.510330 3.552959 5.375000
0 0.000000 | 1554563388 24146632.000000

a status:
300 0
152 75875994
59.509716 3.552959 5.437500
0 0.000000 | 1554563389 49399232.000000

a status:
300 0
154 76817241
59.510445 3.552959 5.437500
0 0.000000 | 1554563391 24698846.000000

a status:
300 0
156 77757866
59.509640 3.552959 5.375000
0 0.000000 | 1554563392 49898780.000000

a status:
300 0
157 78697857
59.509819 3.552959 5.375000
0 0.000000 | 1554563394 25145772.000000

a status:
300 0
159 79638454
59.509289 3.552959 5.375000
0 0.000000 | 1554563396 395834.000000

a status:
300 0
161 80579109
59.510735 3.552959 5.375000
0 0.000000 | 1554563397 25648268.000000

a status:
300 0
164 81519734
59.511951 3.552959 5.375000
0 0.000000 | 1554563399 897692.000000

a status:
300 0
165 82460358
59.510525 3.552959 5.375000
0 0.000000 | 1554563400 26147480.000000

a status:
300 0
169 83400978
59.510674 3.552959 5.375000
0 0.000000 | 1554563402 1394730.000000

a status:
300 0
171 84341593
59.509636 3.552959 5.375000
0 0.000000 | 1554563403 26696260.000000

a status:
300 0
172 85282849
59.511902 3.552959 5.375000
0 0.000000 | 1554563405 1947174.000000

a status:
300 0
174 86223436
59.510788 3.552959 5.375000
0 0.000000 | 1554563406 27197070.000000

a status:
300 0
175 87164061
59.511517 3.552959 5.375000
0 0.000000 | 1554563408 2444518.000000

a status:
300 0
178 88104226
59.511250 3.552959 5.375000
0 0.000000 | 1554563409 27646152.000000

a status:
300 0
179 89044712
59.511196 3.552959 5.375000
0 0.000000 | 1554563411 2946056.000000

a status:
300 0
182 89985960
59.510818 3.530106 5.375000
0 0.000000 | 1554563412 28195814.000000

a status:
300 0
183 90926582
59.511337 3.552959 5.375000
0 0.000000 | 1554563414 3443338.000000

a status:
300 0
185 91867209
59.511906 3.530106 5.375000
0 0.000000 | 1554563415 28695984.000000

a status:
300 0
186 92807799
59.510918 3.530106 5.375000
0 0.000000 | 1554563417 3943052.000000

a status:
300 0
189 93748450
59.512787 3.530106 5.375000
0 0.000000 | 1554563418 29195212.000000

a status:
300 0
190 94689069
59.512348 3.530106 5.375000
0 0.000000 | 1554563420 4442204.000000

a status:
300 0
192 95629052
59.513912 3.530106 5.375000
0 0.000000 | 1554563421 29642562.000000

a status:
300 0
193 96569663
59.512306 3.530106 5.375000
0 0.000000 | 1554563423 4944198.000000

a status:
300 0
196 97510912
59.511730 3.530106 5.375000
0 0.000000 | 1554563424 30244330.000000

a status:
300 0
197 98452185
59.513824 3.530106 5.375000
0 0.000000 | 1554563426 5494074.000000

a status:
300 0
199 99392804
59.512497 3.530106 5.375000
0 0.000000 | 1554563427 30743756.000000

a status:
300 0
201 100333429
59.511627 3.530106 5.375000
0 0.000000 | 1554563429 5991142.000000

a status:
300 0
203 101274052
59.512135 3.530106 5.375000
0 0.000000 | 1554563430 31243318.000000

a status:
300 0
204 102214681
59.513424 3.530106 5.375000
0 0.000000 | 1554563432 6542994.000000

a status:
300 0
206 103155923
59.513573 3.530106 5.375000
0 0.000000 | 1554563433 31793102.000000

a status:
300 0
207 104096543
59.513988 3.530106 5.375000
0 0.000000 | 1554563435 7042920.000000

a status:
300 0
209 105037167
59.513924 3.530106 5.375000
0 0.000000 | 1554563436 32290126.000000

a status:
300 0
210 105977787
59.515686 3.530106 5.375000
0 0.000000 | 1554563438 7493386.000000

a status:
300 0
212 106917755
59.513378 3.530106 5.375000
0 0.000000 | 1554563439 32742340.000000

a status:
300 0
213 107859027
59.513248 3.530106 5.375000
0 0.000000 | 1554563441 8042562.000000

a status:
300 0
215 108800278
59.513432 3.507250 5.375000
0 0.000000 | 1554563442 33342146.000000

a status:
300 0
216 109740908
59.513451 3.507250 5.375000
0 0.000000 | 1554563444 8691236.000000

a status:
300 0
220 110682781
59.514900 3.507250 5.375000
0 0.000000 | 1554563445 33941314.000000

a status:
300 0
222 111623398
59.513359 3.507250 5.375000
0 0.000000 | 1554563447 9191270.000000

a status:
300 0
226 112563992
59.512798 3.507250 5.375000
0 0.000000 | 1554563448 34438278.000000

a status:
300 0
228 113504611
59.513924 3.507250 5.375000
0 0.000000 | 1554563450 9690666.000000

a status:
300 0
230 114445262
59.512775 3.507250 5.375000
0 0.000000 | 1554563451 34940546.000000

a status:
300 0
231 115385886
59.513458 3.507250 5.375000
0 0.000000 | 1554563453 10237774.000000

a status:
300 0
233 116327109
59.513424 3.507250 5.375000
0 0.000000 | 1554563454 35489812.000000

a status:
300 0
235 117267759
59.512199 3.507250 5.375000
0 0.000000 | 1554563456 10739904.000000

a status:
300 0
238 118208381
59.512417 3.507250 5.375000
0 0.000000 | 1554563457 36089618.000000

a status:
300 0
240 119150255
59.513004 3.507250 5.375000
0 0.000000 | 1554563459 11339482.000000

a status:
300 0
242 120090873
59.512260 3.507250 5.375000
0 0.000000 | 1554563460 36586916.000000

a status:
300 0
243 121031500
59.511696 3.507250 5.375000
0 0.000000 | 1554563462 11837754.000000

a status:
300 0
246 121972088
59.511982 3.507250 5.375000
0 0.000000 | 1554563463 37088970.000000

a status:
300 0
249 122912714
59.512451 3.507250 5.375000
0 0.000000 | 1554563465 12335962.000000

a status:
300 0
252 123853987
59.513145 3.484394 5.375000
0 0.000000 | 1554563466 37638618.000000

a status:
300 0
253 124793958
59.513588 3.484394 5.375000
0 0.000000 | 1554563468 12836178.000000

a status:
300 0
256 125734611
59.513214 3.484394 5.375000
0 0.000000 | 1554563469 38088522.000000

a status:
300 0
258 126675857
59.513245 3.484394 5.375000
0 0.000000 | 1554563471 13387832.000000

a status:
300 0
262 127616481
59.512417 3.484394 5.375000
0 0.000000 | 1554563472 38687278.000000

a status:
300 0
263 128558335
59.513168 3.484394 5.375000
0 0.000000 | 1554563474 13984644.000000

a status:
300 0
265 129498941
59.512268 3.484394 5.375000
0 0.000000 | 1554563475 39237274.000000

a status:
300 0
266 130439566
59.512455 3.484394 5.375000
0 0.000000 | 1554563477 14472988.000000

a status:
300 0
268 131379580
59.513355 3.484394 5.375000
0 0.000000 | 1554563478 39686480.000000

a status:
300 0
269 132320218
59.512997 3.484394 5.375000
0 0.000000 | 1554563480 14934262.000000

a status:
300 0
271 133260802
59.513615 3.484394 5.375000
0 0.000000 | 1554563481 40186270.000000

a status:
300 0
274 134201432
59.513863 3.484394 5.375000
0 0.000000 | 1554563483 15433658.000000

a status:
300 0
276 135142083
59.512104 3.484394 5.375000
0 0.000000 | 1554563484 40683430.000000

a status:
300 0
278 136082703
59.512604 3.484394 5.375000
0 0.000000 | 1554563486 15985446.000000

a status:
300 0
281 137023925
59.511654 3.484394 5.375000
0 0.000000 | 1554563487 41285624.000000

a status:
300 0
282 137965185
59.512249 3.484394 5.375000
0 0.000000 | 1554563489 16532676.000000

a status:
300 0
285 138906434
59.512089 3.484394 5.375000
0 0.000000 | 1554563490 41834966.000000

a status:
300 0
287 139847070
59.512943 3.461538 5.375000
0 0.000000 | 1554563492 17084800.000000

a status:
300 0
291 140788939
59.512638 3.484394 5.375000
0 0.000000 | 1554563493 42434574.000000

a status:
300 0
292 141729568
59.514370 3.461538 5.375000
0 0.000000 | 1554563495 17684622.000000

a status:
300 0
295 142670185
59.513866 3.461538 5.375000
0 0.000000 | 1554563496 42931082.000000

a status:
300 0
296 143610809
59.514515 3.461538 5.375000
0 0.000000 | 1554563498 18184018.000000

a status:
300 0
298 144550809
59.517475 3.461538 5.375000
0 0.000000 | 1554563499 43383114.000000

a status:
300 0
299 145491430
59.514278 3.461538 5.312500
0 0.000000 | 1554563501 18633784.000000

a status:
300 0
301 146432052
59.514431 3.461538 5.312500
0 0.000000 | 1554563502 43883482.000000

a status:
300 0
302 147372659
59.513889 3.461538 5.312500
0 0.000000 | 1554563504 19133316.000000

a status:
300 0
305 148313296
59.514362 3.461538 5.312500
0 0.000000 | 1554563505 44383196.000000

a status:
300 0
306 149254513
59.514011 3.461538 5.312500
0 0.000000 | 1554563507 19782964.000000

a status:
300 0
308 150197047
59.513519 3.461538 5.312500
0 0.000000 | 1554563508 45082638.000000

a status:
300 0
309 151138289
59.513836 3.461538 5.312500
0 0.000000 | 1554563510 20429906.000000

a status:
300 0
311 152079505
59.513836 3.461538 5.312500
0 0.000000 | 1554563511 45731086.000000

a status:
300 0
312 153021407
59.513985 3.461538 5.312500
0 0.000000 | 1554563513 21031748.000000

a status:
300 0
314 153962032
59.514153 3.461538 5.312500
0 0.000000 | 1554563514 46282146.000000

a status:
300 0
315 154902656
59.512390 3.461538 5.312500
0 0.000000 | 1554563516 21529410.000000

a status:
300 0
317 155842654
59.512207 3.461538 5.312500
0 0.000000 | 1554563517 46778834.000000

a status:
300 0
319 156783899
59.512848 3.438683 5.312500
0 0.000000 | 1554563519 22028502.000000

a status:
300 0
322 157724520
59.513428 3.438683 5.312500
0 0.000000 | 1554563520 47280874.000000

a status:
300 0
324 158665148
59.513123 3.438683 5.250000
0 0.000000 | 1554563522 22580824.000000

a status:
300 0
327 159606363
59.513054 3.438683 5.250000
0 0.000000 | 1554563523 47827998.000000

a status:
300 0
328 160547013
59.514408 3.438683 5.250000
0 0.000000 | 1554563525 23077924.000000

a status:
300 0
330 161487613
59.511868 3.438683 5.250000
0 0.000000 | 1554563526 48329810.000000

a status:
300 0
331 162428262
59.512558 3.438683 5.250000
0 0.000000 | 1554563528 23627312.000000

a status:
300 0
334 163369506
59.510967 3.438683 5.250000
0 0.000000 | 1554563529 48879776.000000

a status:
300 0
335 164310096
59.511978 3.438683 5.250000
0 0.000000 | 1554563531 24129550.000000

a status:
300 0
337 165250747
59.512115 3.438683 5.250000
0 0.000000 | 1554563532 49379444.000000

a status:
300 0
339 166191341
59.512615 3.438683 5.312500
0 0.000000 | 1554563534 24627972.000000

a status:
300 0
342 167131987
59.511074 3.438683 5.250000
0 0.000000 | 1554563535 49879508.000000

a status:
300 0
344 168072626
59.510963 3.438683 5.250000
0 0.000000 | 1554563537 25176950.000000

a status:
300 0
346 169013872
59.511753 3.438683 5.250000
0 0.000000 | 1554563539 428988.000000

a status:
300 0
348 169954458
59.510910 3.415827 5.250000
0 0.000000 | 1554563540 25627948.000000

a status:
300 0
352 170894452
59.510540 3.415827 5.250000
0 0.000000 | 1554563542 879014.000000

a status:
300 0
354 171835073
59.512245 3.415827 5.250000
0 0.000000 | 1554563543 26125108.000000

a status:
300 0
357 172775730
59.509789 3.415827 5.250000
0 0.000000 | 1554563545 1377298.000000

a status:
300 0
359 173716354
59.509800 3.415827 5.250000
0 0.000000 | 1554563546 26674664.000000

a status:
300 0
363 174657591
59.510639 3.415827 5.250000
0 0.000000 | 1554563548 1915890.000000

a status:
300 0
366 175597564
59.511806 3.415827 5.250000
0 0.000000 | 1554563549 27126862.000000

a status:
300 0
367 176538841
59.510422 3.415827 5.250000
0 0.000000 | 1554563551 2426446.000000

a status:
300 0
372 177479475
59.510998 3.415827 5.250000
0 0.000000 | 1554563552 27676646.000000

a status:
300 0
373 178420057
59.511738 3.415827 5.250000
0 0.000000 | 1554563554 3025342.000000

a status:
300 0
375 179361936
59.511627 3.392969 5.250000
0 0.000000 | 1554563555 28275754.000000

a status:
300 0
376 180302581
59.513039 3.415827 5.250000
0 0.000000 | 1554563557 3525906.000000

a status:
300 0
379 181243209
59.513359 3.392969 5.250000
0 0.000000 | 1554563558 28723484.000000

