300 0.000000
301 0.000000
302 0.000000
303 0.000000
304 0.000000
305 0.000001
306 0.000000
307 0.000000
308 0.000000
309 0.000025
310 0.000015
311 0.000019
312 0.000171
313 0.036381
314 0.018228
315 0.135556
316 0.654223
317 0.760931
318 0.772389
319 0.766923
320 0.767022
321 0.768923
322 0.775312
323 0.771071
324 0.769979
325 0.768412
326 0.778407
327 0.778891
328 0.778715
329 0.780012
330 0.784113
331 0.785769
332 0.779704
333 0.782193
334 0.788707
335 0.793969
336 0.795882
337 0.795462
338 0.800618
339 0.804217
340 0.804383
341 0.805356
342 0.807731
343 0.818055
344 0.826912
345 0.822180
346 0.821099
347 0.829986
348 0.834018
349 0.836904
350 0.842530
351 0.840955
352 0.842486
353 0.855689
354 0.860157
355 0.851413
356 0.850387
357 0.858808
358 0.864208
359 0.867468
360 0.870838
361 0.868334
362 0.864552
363 0.869154
364 0.877448
365 0.880026
366 0.881264
367 0.887860
368 0.893721
369 0.891719
370 0.886518
371 0.884917
372 0.886931
373 0.891230
374 0.898073
375 0.904658
376 0.905706
377 0.901272
378 0.897882
379 0.900009
380 0.904801
381 0.906466
382 0.903855
383 0.901193
384 0.902375
385 0.906647
386 0.910281
387 0.911438
388 0.911625
389 0.912252
390 0.912313
391 0.910989
392 0.910639
393 0.914604
394 0.922428
395 0.929256
396 0.930917
397 0.928489
398 0.926338
399 0.926766
400 0.928504
401 0.929109
402 0.927663
403 0.925335
404 0.924254
405 0.925983
406 0.930282
407 0.934924
408 0.937073
409 0.935733
410 0.932800
411 0.931127
412 0.931706
413 0.933135
414 0.933726
415 0.933563
416 0.934079
417 0.935775
418 0.937188
419 0.936603
420 0.934492
421 0.933466
422 0.935543
423 0.939968
424 0.943673
425 0.944181
426 0.942020
427 0.940026
428 0.940446
429 0.943005
430 0.945540
431 0.946237
432 0.945202
433 0.943848
434 0.943200
435 0.942980
436 0.942227
437 0.940611
438 0.938873
439 0.938063
440 0.938429
441 0.939135
442 0.939088
443 0.937990
444 0.936644
445 0.936255
446 0.937418
447 0.939671
448 0.941925
449 0.943329
450 0.943809
451 0.943866
452 0.943924
453 0.943936
454 0.943541
455 0.942636
456 0.941747
457 0.941800
458 0.943412
459 0.946279
460 0.949159
461 0.950573
462 0.949841
463 0.947602
464 0.945502
465 0.945191
466 0.947316
467 0.951113
468 0.954809
469 0.956637
470 0.955910
471 0.953370
472 0.950640
473 0.949156
474 0.949366
475 0.950589
476 0.951527
477 0.951124
478 0.949228
479 0.946668
480 0.944675
481 0.944127
482 0.945080
483 0.946827
484 0.948354
485 0.948924
486 0.948442
487 0.947361
488 0.946305
489 0.945626
490 0.945250
491 0.944860
492 0.944259
493 0.943606
494 0.943390
495 0.944114
496 0.945922
497 0.948387
498 0.950671
499 0.951904
500 0.951654
501 0.950200
502 0.948311
503 0.946874
504 0.946383
505 0.946688
506 0.947092
507 0.946770
508 0.945272
509 0.942830
510 0.940274
511 0.938622
512 0.938544
513 0.940042
514 0.942417
515 0.944569
516 0.945513
517 0.944857
518 0.942996
519 0.940925
520 0.939750
521 0.940182
522 0.942196
523 0.945023
524 0.947439
525 0.948305
526 0.947124
527 0.944361
528 0.941297
529 0.939464
530 0.939710
531 0.940952
532 0.938996
533 0.926161
534 0.893506
535 0.836185
536 0.757625
537 0.666822
538 0.571418
539 0.474261
540 0.375828
541 0.279597
542 0.193659
543 0.126074
544 0.078982
545 0.048853
546 0.030432
547 0.019330
548 0.012604
549 0.008462
550 0.005856
551 0.004177
552 0.003070
553 0.002322
554 0.001805
555 0.001442
556 0.001183
557 0.000995
558 0.000858
559 0.000757
560 0.000683
561 0.000630
562 0.000591
563 0.000563
564 0.000542
565 0.000522
566 0.000501
567 0.000474
568 0.000437
569 0.000393
570 0.000343
571 0.000292
572 0.000245
573 0.000204
574 0.000170
575 0.000143
576 0.000122
577 0.000106
578 0.000093
579 0.000084
580 0.000077
581 0.000073
582 0.000070
583 0.000069
584 0.000068
585 0.000069
586 0.000069
587 0.000069
588 0.000068
589 0.000064
590 0.000057
591 0.000049
592 0.000040
593 0.000032
594 0.000025
595 0.000020
596 0.000015
597 0.000012
598 0.000010
599 0.000008
600 0.000007
601 0.000006
602 0.000005
603 0.000004
604 0.000004
605 0.000003
606 0.000003
607 0.000003
608 0.000003
609 0.000003
610 0.000003
611 0.000003
612 0.000003
613 0.000003
614 0.000003
615 0.000003
616 0.000003
617 0.000003
618 0.000004
619 0.000004
620 0.000005
621 0.000005
622 0.000006
623 0.000007
624 0.000009
625 0.000010
626 0.000011
627 0.000011
628 0.000012
629 0.000011
630 0.000010
631 0.000009
632 0.000008
633 0.000007
634 0.000006
635 0.000005
636 0.000004
637 0.000004
638 0.000004
639 0.000003
640 0.000003
641 0.000003
642 0.000003
643 0.000003
644 0.000003
645 0.000003
646 0.000003
647 0.000003
648 0.000003
649 0.000003
650 0.000004
651 0.000004
652 0.000004
653 0.000005
654 0.000006
655 0.000006
656 0.000008
657 0.000009
658 0.000011
659 0.000014
660 0.000018
661 0.000023
662 0.000032
663 0.000044
664 0.000066
665 0.000104
666 0.000183
667 0.000397
668 0.001708
669 0.002456
670 0.005006
671 0.020529
672 0.005738
673 0.002343
674 0.001448
675 0.001122
676 0.001010
677 0.001023
678 0.001158
679 0.001477
680 0.002195
681 0.004101
682 0.011075
683 0.023220
684 0.006892
685 0.002413
686 0.001303
687 0.001226
688 0.003420
689 0.002058
690 0.000631
691 0.000340
692 0.000233
693 0.000179
694 0.000148
695 0.000129
696 0.000117
697 0.000110
698 0.000106
699 0.000105
700 0.000106
701 0.000109
702 0.000115
703 0.000124
704 0.000137
705 0.000155
706 0.000179
707 0.000215
708 0.000266
709 0.000341
710 0.000450
711 0.000600
712 0.000767
713 0.000867
714 0.000827
715 0.000709
716 0.000615
717 0.000578
718 0.000558
719 0.000491
720 0.000388
721 0.000296
722 0.000231
723 0.000185
724 0.000153
725 0.000130
726 0.000113
727 0.000100
728 0.000091
729 0.000083
730 0.000078
731 0.000074
732 0.000071
733 0.000070
734 0.000070
735 0.000072
736 0.000075
737 0.000079
738 0.000084
739 0.000091
740 0.000099
741 0.000109
742 0.000119
743 0.000130
744 0.000141
745 0.000153
746 0.000166
747 0.000181
748 0.000198
749 0.000218
750 0.000243
751 0.000275
752 0.000312
753 0.000354
754 0.000398
755 0.000437
756 0.000465
757 0.000481
758 0.000489
759 0.000498
760 0.000510
761 0.000525
762 0.000543
763 0.000562
764 0.000585
765 0.000614
766 0.000648
767 0.000678
768 0.000692
769 0.000680
770 0.000640
771 0.000583
772 0.000521
773 0.000461
774 0.000410
775 0.000369
776 0.000339
777 0.000318
778 0.000306
779 0.000302
780 0.000307
