250 0.746
260 0.766
270 0.792
280 0.800
290 0.811
300 0.823
310 0.831
320 0.846
330 0.849
340 0.856
350 0.859
360 0.863
370 0.865
380 0.869
390 0.871
400 0.873
410 0.876
420 0.878
430 0.880
440 0.881
450 0.882
460 0.884
470 0.885
480 0.885
490 0.886
500 0.886
510 0.887
520 0.888
530 0.888
540 0.888
550 0.888
560 0.888
570 0.888
580 0.888
590 0.887
600 0.887
610 0.886
620 0.885
630 0.885
640 0.884
650 0.883
660 0.881
670 0.880
680 0.879
690 0.877
700 0.876
710 0.874
720 0.872
730 0.870
740 0.867
750 0.865
760 0.862
770 0.860
780 0.858
800 0.854
